322 1714 2011 504 2804 491 
32840 80 22282 1385 17308 9084 10542 
81882 5656 45687 63708 
380 81421 9200 692 
28763 247488 247489 247490 
10252 2424 344 34706 34707 575 47276 242 33355 10342 24094 5568 17026 3749 987 4058 28 352 380 18095 23516 
12652 19162 4883 3196 10736 13128 113 10047 16471 81 2293 13310 10510 134 4800 47301 4832 
360 697 587 5446 
422 415 2104 1537 659 1780 1635 1830 14752 61 3525 40 
587 491 382 321 2645 45826 12369 708 239662 1301 34752 35700 
68761 175359 1485 862 
1297 503 40307 
304 3094 355 1062 193 1607 1610 7256 1749 12825 212 4213 1748 48769 14936 1514 2712 
3782 6382 69505 129 10430 64841 81 4809 78 32178 
11914 
11356 287 2631 317 11726 468 41872 144986 703 509 10146 5938 885 51788 8142 3073 
27639 1547 257 4309 544 118067 206 
8315 8386 1974 102847 3928 15100 1975 81 3782 26946 7063 1718 10758 225884 1385 18152 18153 72 22970 6213 4086 6356 8323 4906 2322 57333 19855 2295 3871 125 2299 3799 7444 3827 36772 11226 295647 20682 10841 234997 5660 22527 8183 8155 
12928 23256 153 5244 
1989 63252 8704 8005 
2438 2470 62427 2598 86985 2443 26626 
1151 7936 314 986 644 274 1760 45 
15312 10667 59941 4970 17201 3780 59942 436 59943 
158 3359 262 1691 2208 
2299 91926 35474 141909 72 3577 75 36861 4959 3780 21914 7553 3891 14450 1975 1385 8358 205259 389 81 6158 205260 8413 96651 46041 3923 2295 3131 1718 35466 3772 
2423 132527 16277 102350 26218 54547 6292 232682 
183704 3650 2548 796 
2784 9046 8031 4997 623 
5610 14744 8673 1974 125738 3799 134795 
16246 26611 28814 
61491 81 10347 191101 59920 113 170134 17089 4751 7964 4899 83 191102 4777 4794 4708 11209 191103 
1937 3138 
2860 2671 6103 45632 6023 587 151 1086 708 3079 24432 3760 2136 682 4225 
1505 366 659 3548 261847 504 6890 630 
1891 1924 51798 194761 11330 7846 194762 21421 164400 13160 14775 37790 14860 7354 
70 15312 81 71412 10510 15326 116 3854 9098 113 78 16922 10446 30286 44 3932 4780 72448 38033 7097 15055 4745 54403 104 65738 72 11811 80 80054 35981 8331 9828 103240 7964 103241 10473 103242 4832 4716 4848 
4553 1939 
1858 177 
662 26384 797 623 
221306 221307 6658 221308 1521 4702 49141 3287 3687 1906 938 3691 949 216 30402 158 741 10073 3041 1000 2395 885 881 405 1114 406 261 2711 16176 3999 12442 912 12574 51677 2999 
255 613 822 417 2145 3391 
2835 2797 
4513 14775 240382 240383 56215 240384 1885 
354 366 575 2879 613 741 
2322 41653 3923 72 5510 2824 30024 945 17300 
284 267460 3053 322 1328 3652 1537 5782 642 12417 2588 236 5069 1224 
3477 33810 8078 40 33788 34 513 922 1537 659 606 642 3088 33807 3327 
125 2299 3900 3782 1983 51849 4772 31916 
939 16071 1572 1826 86561 1832 17511 9585 1549 5771 86562 82080 10073 699 9459 1602 1761 86563 2194 86489 979 2880 27136 
17532 2735 9603 269806 
71029 72 45546 25507 39868 
228180 25264 2257 24828 68732 314 26666 7957 29825 1510 2709 8085 
251197 9941 251198 42195 2512 
56 1394 2668 399 398 43756 9067 13843 567 615 11952 6881 340 58 1098 300927 634 
513 532 938 416 15238 7839 1497 
415 686 145 1055 691 405 51613 2031 1831 426 
25908 33289 165034 272483 6318 272484 
142160 72 178300 37325 
2070 862 931 1537 3148 12 15393 6012 
12647 3042 795 413 34 20103 682 3030 6664 158 3454 43427 
513 42370 644 
255 1241 
2671 58044 2653 7742 
133565 5610 315156 5640 6051 45579 131776 315157 
821 2357 6131 3653 420 11242 3357 266 3413 623 
1385 37074 62742 72 14379 33386 1975 34204 
900 63490 4173 2091 11130 1556 21124 158 4537 156 23549 3127 11890 4643 63491 145 3329 858 34360 17354 7368 12661 
15893 2031 422 2235 498 283 760 64330 2456 19068 344 4256 630 267986 6860 935 1 158 12033 491 11131 3294 5509 42315 
2322 188472 140827 40023 71714 1385 37698 48689 9852 40047 48269 22986 3923 191874 35914 31983 5620 48768 5610 22348 191878 8695 191879 26332 48116 2431 191880 14417 98329 
190 12583 
380 703 15851 23687 468 6691 87306 9 39894 9246 
413 34 5993 265805 532 416 156 748 
15221 14982 1602 837 442 
261 498 35737 
21165 28349 1385 49684 72 5723 3090 81882 5656 45687 11657 10993 50704 10996 84155 16095 
352 241 
355 3121 1197 
40071 51233 11617 167896 51141 25811 167897 118619 58875 399 6212 25820 69140 41250 3109 25946 12770 167898 106102 51194 18829 77478 167899 104 77580 2450 167900 167901 58846 32484 1956 167902 
7599 7084 8392 81 8171 6212 
194080 194081 194082 194083 4098 194084 130278 2230 14803 194085 
686 1197 877 9712 1835 746 730 
314 513 504 639 
5145 5051 105 
158 986 1146 2354 6643 612 
1989 1960 25761 239617 535 631 336400 
117585 224 692 2859 
676 3171 26694 136564 357 573 6110 10171 72471 27646 38706 31566 25 2933 139529 50632 1086 15640 13740 2977 1193 2981 4006 34 39583 
678 730 870 1656 
508 446 513 717 1194 147 8904 172734 10157 344 643 863 277406 8634 405 55 1605 2764 922 198 915 61 334 
325633 16341 325634 35503 3076 2824 6292 5188 96788 1614 
19304 1345 8020 1998 2720 34285 34632 885 2725 2824 10304 
1165 8859 
1750 442 546 
513 1714 668 253 3144 3145 3502 2833 
1729 854 696 
8845 3668 49509 9026 5815 
1083 606 
2269 646 56 2348 337 43311 
7237 737 1136 301 4242 2715 650 158 498 597 3682 885 
415 1356 339 647 45 
